1 19.5445772494042
2 6.56154496928405
3 5.27474866999972
4 1.08308110177825
5 1.06250764668141
6 1.05736982726458
7 1.04782957588325
8 1.04603383200934
9 1.04240827305905
10 1.04011224820567
11 1.03853320713557
12 1.03776465344883
13 1.03588330855958
14 1.03461394902616
15 1.03220120367543
16 1.02831048545612
17 1.02512002637804
18 1.02460879646375
19 1.02277611455346
20 1.02134678656147
21 1.0177426871189
22 1.01688451789806
23 1.016143082782
24 1.01315173620711
25 1.01313473106653
26 1.01118756814864
27 1.01065206727313
28 1.00984421188514
29 1.00809224574402
30 1.00655286319011
31 1.00528158823393
32 1.00376119083513
33 1.0025109747784
34 1.00101616675946
35 0.999516575117211
36 0.998268386262616
37 0.997245226942496
38 0.994532190810399
39 0.992083849789964
40 0.991273972236136
41 0.989968258013612
42 0.989438434765695
43 0.987040709897291
44 0.985957636928354
45 0.984238612627085
46 0.98235362888089
47 0.980858075875441
48 0.980272128906412
49 0.979143635347994
50 0.979040962397877
51 0.975289801333767
52 0.9744010276381
53 0.974078975075877
54 0.973566005047198
55 0.970233070166855
56 0.969753816757294
57 0.969489040250462
58 0.967024054333165
59 0.964657364912828
60 0.963356754409195
61 0.962461306948832
62 0.960222256158071
63 0.959846736465786
64 0.956962866695086
65 0.955092930054153
66 0.954271048032091
67 0.952583842061937
68 0.951278884082922
69 0.949441595233978
70 0.948586456280481
71 0.946180923310936
72 0.94609638676776
73 0.944775189747116
74 0.942636496584082
75 0.94071150320181
76 0.939530627313207
77 0.934138540262393
78 0.933662468246956
79 0.93176412317681
80 0.928269596987257
81 0.923623646777854
82 0.92309360432868
83 0.92139653001237
84 0.916781185266933
85 0.914026159591565
86 0.913681475244901
87 0.910887289448367
88 0.908197771408863
89 0.903270112996291
90 0.900076828471354
91 0.898967335178319
92 0.896916688308846
93 0.894551534908701
94 0.891566999482905
95 0.889869248145129
96 0.883923706532552
97 0.882085339935493
98 0.878905161453825
99 0.875495368533039
100 0.871953354931306
101 0.870236405400731
102 0.86888519458803
103 0.865561246730203
104 0.863394562984525
105 0.860325162817194
106 0.858510832991685
107 0.857565313601064
108 0.855893333242357
109 0.850661574953314
110 0.850511414570498
111 0.845051223408618
112 0.844505048980872
113 0.841446072479616
114 0.839882168695011
115 0.838403771650489
116 0.833504815459224
117 0.832512432582315
118 0.828203480516875
119 0.828011347195738
120 0.822142434216275
121 0.819053073218947
122 0.81762414182218
123 0.815389096882499
124 0.813773293148424
125 0.811217355940607
126 0.806962044094947
127 0.806191187273124
128 0.79235392244239
129 0.0911282093267349
