1 19.9877940130233
2 6.79887634935734
3 1.44206964628572
4 1.0806016224938
5 1.0705168698882
6 1.05720203879756
7 1.04610472589175
8 1.03979964005138
9 1.03720370318695
10 1.03300107355216
11 1.03187640707754
12 1.02965102239407
13 1.0270207957188
14 1.02499834688471
15 1.02379892330554
16 1.01968480909297
17 1.01782922122456
18 1.01537708795736
19 1.01262084997856
20 1.01003757597821
21 1.00779872219935
22 1.00668781320725
23 1.0057398124755
24 1.00498967055725
25 1.00269591356638
26 1.00235390200611
27 1.00020735280561
28 0.99813034680813
29 0.996166559867861
30 0.992581359974302
31 0.991913696472017
32 0.991022469712892
33 0.989489357651691
34 0.986710047052929
35 0.984939802394268
36 0.984293270914131
37 0.983721749291714
38 0.981951458788098
39 0.979317497170594
40 0.979088361232186
41 0.977694267898858
42 0.974896968769196
43 0.973890746341462
44 0.969817337675355
45 0.969008962553918
46 0.968453177531194
47 0.966433927327226
48 0.965721297714967
49 0.964457459189271
50 0.962415237035358
51 0.959929756993138
52 0.958137293998346
53 0.957435557242091
54 0.955255609635168
55 0.954575552915348
56 0.953385978743257
57 0.951777850134168
58 0.950617174551877
59 0.949912242448797
60 0.948770088502876
61 0.947699166669749
62 0.945026962446088
63 0.943800882500527
64 0.942511093874669
65 0.940569579797947
66 0.939351526671207
67 0.938995360677576
68 0.936225962294994
69 0.93508528594768
70 0.933472312614293
71 0.932173472281347
72 0.930353595973581
73 0.928652938660743
74 0.928041067160683
75 0.925612623473693
76 0.924812796970543
77 0.923117181170687
78 0.9224607849631
79 0.920482734909134
80 0.920003889340074
81 0.916311346081014
82 0.915735790709596
83 0.913830492740139
84 0.912668874129744
85 0.911232938359867
86 0.909347845100793
87 0.907815792900353
88 0.906226559402048
89 0.903265480533824
90 0.902130896665862
91 0.900804203955706
92 0.897482856110697
93 0.894331895708438
94 0.89350029635383
95 0.891381647829639
96 0.889387783622105
97 0.889115195860499
98 0.884619614668378
99 0.882625635508181
100 0.881618344752533
101 0.87756865501349
102 0.876817184416456
103 0.875940986948837
104 0.875180480589123
105 0.870867970843734
106 0.868184728586169
107 0.866229993081449
108 0.863635407519387
109 0.862693241831059
110 0.861613472067083
111 0.858129728339796
112 0.85563239833468
113 0.855358850173046
114 0.848295527808979
115 0.846968861302887
116 0.842411879496129
117 0.840619045175099
118 0.838668193596383
119 0.835552842069109
120 0.833685744113735
121 0.833545710018121
122 0.826146409099749
123 0.822790185144101
124 0.820660688051861
125 0.81472737561765
126 0.810146846123193
127 0.80627296536347
128 0.793854122604461
129 0.0830410248718174
